2
1 0
chech1 qwerty
TestName
5
23
adress1 adress2 1 12.99 55 1001
adress2 adress3 2 15.99 26 1001
adress3 adress1 3 18.99 335 1001
add add2 1 171 114 1001
add add2 1 329.4 122 1001
add add2 1 27 30 1001
add add2 1 36 30 1001
add add2 1 108 120 1001
add add2 1 402.6 122 1001
from to 2 243.6 58 1001
from to 2 156 26 1001
from to 2 407.4 97 1001
from to 1 333.6 139 1002
from to 1 33.6 56 1002
from to 1 59.4 33 1002
from to 1 143.1 53 1002
from to 1 131.4 73 1002
from to 1 39 26 1002
from to 1 333 111 1002
from to 1 47.7 53 1002
from to 1 25.2 28 1001
from to 1 73.8 82 1001
from to 1 280.8 104 1001
2
Cash
1234-5678-9900
2
ulitsa_geroev
0
0
0
from to 1 280.8 104 0
from to 1 280.8 104 0

22 1
73.8 82
1001
1
73
.8 82 1001 1 73 0
1001 1 73 0 1001 1
73 0 1001 1 73 0
1001 1 73 0 1001 1
73 0 1001 1 73 0
1001 1 73 0 1001 1
73 0 1001 1 73 0
1001 1 73 0 1001 1
73 0 1001 1 73 0
1001 1 73 0 1001 1
73 0 1001 1 73 0
1001 1 73 0 1001 1
73 0 1001 1 73 0
1001 1 73 0 1001 1
73 0 1001 1 73 0
1001 1 73 0 1001 1
73 0 1001 1 73 0
1001 1 73 0 1001 1
73 0 1001 1 73 0
1001 1 73 0 1001 1
73 0 1001 1 73 0
1001 1 73 0 1001 1
73 0 1001 1 73 0
1001 1 73 0 1001 1
73 0 1001 1 73 0
1001 1 73 0 1001 1
73 0 1001 1 73 0
1001 1 73 0 1001 1
73 0 1001 1 73 0
1001 1 73 0 1001 1
73 0 1001 1 73 0
1001 1 73 0 1001 1
73 0 1001 1 73 0
1001 1 73 0 1001 1
73 0 1001 1 73 0
1001 1 73 0 1001 1
73 0 1001 1 73 0
1001 1 73 0 1001 1
73 0 1001 1 73 0
1001 1 73 0 1001 1
73 0 1001 1 73 0
1001 1 73 0 1001 1
73 0 1001 1 73 0
1001 1 73 0 1001 1
73 0 1001 1 73 0
1001 1 73 0 1001 1
73 0 1001 1 73 0
1001 1 73 0 1001 1
73 0 1001 1 73 0
2 2 0 0 -858993460 1
1 5 -858993460 1 1 5
-858993460 1 1 5 -858993460 1
1 5 -858993460 1 1 5
-858993460 1 1 5 -858993460 1
1 5 -858993460 1 1 5
-858993460 1 1 5 -858993460 1
1 5 -858993460 1 1 5
-858993460 1 1 5 -858993460 1
1 5 -858993460 1 1 5
-858993460 1 1 5 -858993460 1
1 5 -858993460 1 1 5
-858993460 1 1 5 -858993460 1
1 5 -858993460 1 1 5
-858993460 1 1 5 -858993460 1
1 5 -858993460 1 1 5
-858993460 1 1 5 2 2
0 0 -858993460 1 1 5
-858993460 1 1 5 1 5
1 5 1 5 1 5
1 5 1 5 1 5
1 5 1 5 1 5
1 5 2 2 0 0
-858993460 1 1 5 -858993460 1
1
5
2
0
0
1
1
  1 280.8 104 0
  1 280.8 104 0

